probabilities =  [0.2, 0.4, 0.6, 0.8, 1.0]
times =  [0.1122751235961914, 0.18135714530944824, 105.08148121833801, 158.7451138496399, 177.21600008010864]
optimums =  [75, 72, 60, 65, 61]
