probabilities =  [0.2, 0.4, 0.6, 0.8, 1.0]
times =  [83.48307180404663, 126.44520854949951, 107.60581231117249, 107.43074584007263, 105.63083577156067]
optimums =  [67, 61, 62, 63, 61]
