num_generations =  [50, 100, 150]
times =  [133.1006302833557, 305.30461049079895, 468.65703296661377]
optimums =  [63, 51, 48]
