pool_sizes =  [100, 200, 300, 400]
times =  [0.048998355865478516, 0.17200136184692383, 0.3420407772064209, 880.3792164325714]
optimums =  [74, 74, 72, 56]
