probabilities =  [0.2, 0.4, 0.6, 0.8, 1.0]
times =  [0.08000040054321289, 0.1336667537689209, 0.18959784507751465, 105.74581861495972, 131.11437940597534]
optimums =  [58, 54, 52, 42, 41]
