probabilities =  [0.2, 0.4, 0.6, 0.8, 1.0]
times =  [64.41040134429932, 67.82530641555786, 72.54087448120117, 70.17445373535156, 0.1880195140838623]
optimums =  [41, 41, 45, 42, 53]
