num_generations =  [50, 100, 150]
times =  [99.04311108589172, 208.31314158439636, 294.573224067688]
optimums =  [42, 33, 30]
