pool_sizes =  [100, 200, 300, 400]
times =  [0.04003643989562988, 0.13199925422668457, 0.26903700828552246, 595.824357509613]
optimums =  [59, 52, 52, 36]
