probabilities =  [0.2, 0.4, 0.6, 0.8, 1.0]
times =  [27.19317054748535, 55.62934708595276, 88.60918164253235, 131.70266771316528, 168.34389638900757]
optimums =  [67, 64, 69, 67, 66]
