probabilities =  [0.2, 0.4, 0.6, 0.8, 1.0]
times =  [86.46687436103821, 91.13936924934387, 92.03190445899963, 88.08288407325745, 90.96626853942871]
optimums =  [69, 67, 65, 66, 68]
