num_generations =  [50, 100, 150]
times =  [121.11226558685303, 264.6554551124573, 387.14349842071533]
optimums =  [63, 58, 55]
