pool_sizes =  [100, 200, 300, 400]
times =  [30.97016143798828, 130.35506343841553, 337.78736639022827, 753.2255635261536]
optimums =  [63, 59, 60, 54]
