probabilities =  [0.2, 0.4, 0.6, 0.8, 1.0]
times =  [0.04388022422790527, 0.07705330848693848, 0.09233307838439941, 0.14724993705749512, 0.16255879402160645]
optimums =  [50, 49, 49, 35, 33]
