probabilities =  [0.2, 0.4, 0.6, 0.8, 1.0]
times =  [0.11921238899230957, 0.10130858421325684, 0.11788105964660645, 0.12791728973388672, 0.10396051406860352]
optimums =  [50, 49, 49, 49, 49]
