num_generations =  [50, 100, 150]
times =  [0.11699509620666504, 0.11704158782958984, 0.11603760719299316]
optimums =  [50, 49, 49]
