probabilities =  [0.2, 0.4, 0.6, 0.8, 1.0]
times =  [0.11203193664550781, 0.1100006103515625, 0.1050257682800293, 0.1079714298248291, 0.11099648475646973]
optimums =  [50, 49, 49, 49, 49]
