pool_sizes =  [100, 200, 300, 400]
times =  [0.02058577537536621, 0.05170321464538574, 0.15155649185180664, 0.22270750999450684]
optimums =  [50, 34, 49, 49]
