probabilities =  [0.2, 0.4, 0.6, 0.8, 1.0]
times =  [31.32690143585205, 61.62040877342224, 101.7457549571991, 134.4753773212433, 185.42517828941345]
optimums =  [70, 76, 72, 72, 70]
