probabilities =  [0.2, 0.4, 0.6, 0.8, 1.0]
times =  [99.66336226463318, 97.40401816368103, 103.15655398368835, 101.10346579551697, 101.21294355392456]
optimums =  [70, 71, 70, 71, 68]
