num_generations =  [50, 100, 150]
times =  [130.22676825523376, 324.9408130645752, 472.0231351852417]
optimums =  [72, 61, 59]
