probabilities =  [0.2, 0.4, 0.6, 0.8, 1.0]
times =  [120.88344049453735, 122.50129890441895, 129.76304960250854, 119.6732566356659, 122.65750908851624]
optimums =  [69, 73, 71, 72, 70]
