pool_sizes =  [100, 200, 300, 400]
times =  [0.09802460670471191, 161.8535885810852, 400.2538478374481, 879.8440883159637]
optimums =  [80, 68, 69, 66]
