probabilities =  [0.2, 0.4, 0.6, 0.8, 1.0]
times =  [17.14158320426941, 35.8476676940918, 58.22104597091675, 86.87729001045227, 107.91777443885803]
optimums =  [37, 41, 39, 37, 39]
