probabilities =  [0.2, 0.4, 0.6, 0.8, 1.0]
times =  [54.37688422203064, 60.83826041221619, 64.69192481040955, 57.65418004989624, 59.36709237098694]
optimums =  [40, 39, 37, 36, 37]
