num_generations =  [50, 100, 150]
times =  [85.84311389923096, 170.44899559020996, 229.09469199180603]
optimums =  [39, 32, 26]
