pool_sizes =  [100, 200, 300, 400]
times =  [0.05399727821350098, 91.35221982002258, 225.68994569778442, 447.7813169956207]
optimums =  [43, 30, 29, 31]
