probabilities =  [0.2, 0.4, 0.6, 0.8, 1.0]
times =  [3.7363686561584473, 7.488372325897217, 14.242775201797485, 19.083359241485596, 21.213712692260742]
optimums =  [8, 6, 7, 6, 5]
