probabilities =  [0.2, 0.4, 0.6, 0.8, 1.0]
times =  [12.65550422668457, 11.686880826950073, 12.744418621063232, 12.294593095779419, 13.393137216567993]
optimums =  [6, 5, 5, 5, 6]
