num_generations =  [50, 100, 150]
times =  [18.29713273048401, 25.438998460769653, 34.59798789024353]
optimums =  [5, 5, 5]
