pool_sizes =  [100, 200, 300, 400]
times =  [0.024424076080322266, 16.226284503936768, 36.74793457984924, 74.7836344242096]
optimums =  [13, 5, 5, 5]
