probabilities =  [0.2, 0.4, 0.6, 0.8, 1.0]
times =  [0.09611797332763672, 34.8689079284668, 55.91886019706726, 81.70592951774597, 106.48017024993896]
optimums =  [43, 33, 36, 35, 32]
