probabilities =  [0.2, 0.4, 0.6, 0.8, 1.0]
times =  [55.77407193183899, 60.272761821746826, 56.7944872379303, 56.87645220756531, 58.07128190994263]
optimums =  [35, 38, 35, 32, 36]
