num_generations =  [50, 100, 150]
times =  [86.74223470687866, 160.94706463813782, 256.22457480430603]
optimums =  [35, 28, 22]
