pool_sizes =  [100, 200, 300, 400]
times =  [0.043035268783569336, 87.25410723686218, 244.5063281059265, 489.3229150772095]
optimums =  [46, 29, 28, 27]
