probabilities =  [0.2, 0.4, 0.6, 0.8, 1.0]
times =  [0.05831170082092285, 0.08596611022949219, 0.09525203704833984, 0.14704179763793945, 0.16407060623168945]
optimums =  [96, 66, 67, 62, 61]
