probabilities =  [0.2, 0.4, 0.6, 0.8, 1.0]
times =  [0.12145113945007324, 0.10100913047790527, 0.11753702163696289, 0.12708020210266113, 0.10373497009277344]
optimums =  [96, 95, 95, 95, 95]
