num_generations =  [50, 100, 150]
times =  [0.11702871322631836, 0.11496925354003906, 0.10507035255432129]
optimums =  [63, 61, 69]
