pool_sizes =  [100, 200, 300, 400]
times =  [0.029952526092529297, 0.0779886245727539, 0.1467127799987793, 0.23539352416992188]
optimums =  [96, 95, 60, 63]
