probabilities =  [0.2, 0.4, 0.6, 0.8, 1.0]
times =  [0.09723615646362305, 0.1333785057067871, 0.18424749374389648, 0.22472834587097168, 0.2799689769744873]
optimums =  [186, 185, 185, 185, 185]
