probabilities =  [0.2, 0.4, 0.6, 0.8, 1.0]
times =  [0.19397521018981934, 0.20055723190307617, 0.18001365661621094, 0.18381428718566895, 0.18831276893615723]
optimums =  [186, 185, 185, 185, 185]
