num_generations =  [50, 100, 150]
times =  [0.3100404739379883, 0.23199725151062012, 0.21893596649169922]
optimums =  [186, 185, 185]
