pool_sizes =  [100, 200, 300, 400]
times =  [0.04927372932434082, 0.12097549438476562, 0.2552061080932617, 0.39957761764526367]
optimums =  [186, 185, 185, 185]
